#Layer_Color=32768
#
#Feature symbol names
#
$0 r6
$1 r3.937

#
#Feature attribute names
#

#
#Layer features
#
L 0.0393503 1.8890111 0.0393503 1.9480662 1 P 0
L 0.0393503 1.8890111 0.1613976 1.8890111 1 P 0
L 0.0393503 1.9480662 0.1613976 1.9480662 1 P 0
L 0.0816732 1.9185386 0.1190748 1.9185386 1 P 0
L 0.100374 1.8998379 0.100374 1.9372394 1 P 0
L 0.1613976 1.8890111 0.1613976 1.9480662 1 P 0
L 0.1705513 0.6889371 0.2079528 0.6889371 1 P 0
L 0.1892521 0.6702363 0.1892521 0.7076379 1 P 0
L -0.3681889 0.5655118 -0.3681889 0.663937 1 P 0
L -0.3782987 0.923189 -0.3782987 0.9664962 1 P 0
L -0.3782988 1.3402008 -0.3782988 1.3835078 1 P 0
L -0.3918109 0.6029134 -0.3918109 0.6265355 1 P 0
L -0.4036219 0.6147244 -0.3799999 0.6147244 1 P 0
L -0.415433 0.5655118 -0.3681889 0.5655118 1 P 0
L -0.415433 0.5655118 -0.415433 0.663937 1 P 0
L -0.415433 0.663937 -0.3681889 0.663937 1 P 0
L -0.4275114 0.9330317 -0.4275114 0.9566535 1 P 0
L -0.4275115 1.3736653 -0.4275114 1.3500434 1 P 0
L -0.4285944 0.4657245 -0.4285944 0.7737243 0 P 0
L -0.4285944 1.0013544 -0.4285944 1.3093542 0 P 0
L -0.4393225 0.9448426 -0.4157005 0.9448426 1 P 0
L -0.4393225 1.3618543 -0.4157005 1.3618543 1 P 0
L -0.4767241 0.923189 -0.3782987 0.923189 1 P 0
L -0.4767241 0.923189 -0.4767241 0.966496 1 P 0
L -0.4767241 0.966496 -0.3782987 0.9664962 1 P 0
L -0.4767241 1.3402007 -0.3782988 1.3402008 1 P 0
L -0.4767241 1.3402007 -0.4767241 1.3835077 1 P 0
L -0.4767241 1.3835077 -0.3782988 1.3835078 1 P 0
L 0.5689763 -0.2812993 0.5689764 -0.2379922 1 P 0
L 0.5689763 -0.2812993 0.6674017 -0.2812993 1 P 0
L 0.5689764 -0.2379922 0.6674017 -0.2379923 1 P 0
L 0.6063779 -0.2596457 0.6299999 -0.2596457 1 P 0
L 0.618189 -0.2714566 0.618189 -0.2478348 1 P 0
L -0.6207921 0.4037009 -0.6207921 0.4470079 1 P 0
L -0.6207921 0.7987009 -0.6207921 0.8420079 1 P 0
L -0.6495944 0.4657245 -0.4285944 0.4657245 0 P 0
L -0.6495944 0.4657245 -0.6495944 0.7737243 0 P 0
L -0.6495944 0.7737243 -0.4285944 0.7737243 0 P 0
L -0.6495944 1.0013544 -0.4285944 1.0013544 0 P 0
L -0.6495944 1.0013544 -0.6495944 1.3093542 0 P 0
L -0.6495944 1.3093542 -0.4285944 1.3093542 0 P 0
L -0.6581891 1.1111416 -0.6581891 1.209567 1 P 0
L 0.6674017 -0.2812993 0.6674017 -0.2379923 1 P 0
L -0.6700048 0.4135434 -0.6700048 0.4371652 1 P 0
L -0.6700048 0.8085434 -0.6700048 0.8321652 1 P 0
L -0.6818112 1.1485431 -0.6818111 1.1721652 1 P 0
L -0.6818157 0.4253543 -0.6581937 0.4253543 1 P 0
L -0.6818157 0.8203543 -0.6581937 0.8203543 1 P 0
L -0.6936223 1.1603542 -0.6700002 1.1603543 1 P 0
L -0.7054332 1.2095669 -0.6581891 1.209567 1 P 0
L -0.7054333 1.1111416 -0.6581891 1.1111416 1 P 0
L -0.7054333 1.1111416 -0.7054332 1.2095669 1 P 0
L -0.7192174 0.4037008 -0.6207921 0.4037009 1 P 0
L -0.7192174 0.7987008 -0.6207921 0.7987009 1 P 0
L -0.7192175 0.4470079 -0.6207921 0.4470079 1 P 0
L -0.7192175 0.4470079 -0.7192174 0.4037008 1 P 0
L -0.7192175 0.8420079 -0.6207921 0.8420079 1 P 0
L -0.7192175 0.8420079 -0.7192174 0.7987008 1 P 0
L 0.7339763 -0.5212993 0.7339764 -0.4779922 1 P 0
L 0.7339763 -0.5212993 0.8324017 -0.5212993 1 P 0
L 0.7339764 -0.4779922 0.8324017 -0.4779923 1 P 0
L 0.7713781 -0.4996457 0.7950001 -0.4996457 1 P 0
L 0.783189 -0.5114566 0.783189 -0.4878348 1 P 0
L 0.8324017 -0.5212993 0.8324017 -0.4779923 1 P 0
L -0.9115354 1.2670078 -0.9115353 1.2237007 1 P 0
L -0.9115354 1.6751575 -0.9115353 1.6318504 1 P 0
L -0.960748 -0.461063 -0.960748 1.838937 1 P 0
L -0.960748 -0.461063 1.339252 -0.461063 1 P 0
L -0.960748 1.2335434 -0.960748 1.2571652 1 P 0
L -0.960748 1.6416931 -0.960748 1.6653149 1 P 0
L -0.960748 1.838937 1.339252 1.838937 1 P 0
L -0.9725591 1.2453543 -0.9489371 1.2453543 1 P 0
L -0.9725591 1.653504 -0.9489371 1.653504 1 P 0
L -0.996311 1.2963544 -0.996311 1.6043542 0 P 0
L -1.0099607 1.2237007 -0.9115353 1.2237007 1 P 0
L -1.0099607 1.2237007 -1.0099607 1.2670077 1 P 0
L -1.0099607 1.2670077 -0.9115354 1.2670078 1 P 0
L -1.0099607 1.6318504 -0.9115353 1.6318504 1 P 0
L -1.0099607 1.6318504 -1.0099607 1.6751574 1 P 0
L -1.0099607 1.6751574 -0.9115354 1.6751575 1 P 0
L 1.0639764 1.8567322 1.0639765 1.9039763 1 P 0
L 1.0639764 1.8567322 1.1624017 1.8567323 1 P 0
L 1.0639765 1.9039763 1.1624017 1.9039762 1 P 0
L 1.064567 1.9047638 1.064567 2.003189 1 P 0
L 1.064567 1.9047638 1.1118111 1.9047638 1 P 0
L 1.064567 2.003189 1.1118111 2.003189 1 P 0
L 1.076378 1.9539764 1.1 1.9539764 1 P 0
L 1.088189 1.9421653 1.088189 1.9657874 1 P 0
L 1.1013779 1.8803542 1.1250002 1.8803541 1 P 0
L 1.1118111 1.9047638 1.1118111 2.003189 1 P 0
L 1.113189 1.8685432 1.113189 1.8921652 1 P 0
L 1.1145669 1.9047637 1.1145669 2.0031889 1 P 0
L 1.1145669 1.9047637 1.161811 1.9047637 1 P 0
L 1.1145669 2.0031889 1.161811 2.0031889 1 P 0
L 1.126378 1.9539763 1.15 1.9539763 1 P 0
L 1.138189 1.9421653 1.138189 1.9657874 1 P 0
L 1.1615354 1.9044486 1.1615354 2.002874 1 P 0
L 1.1615354 1.9044486 1.2048425 1.9044487 1 P 0
L 1.1615354 2.002874 1.2048425 2.0028739 1 P 0
L 1.161811 1.9047637 1.161811 2.0031889 1 P 0
L 1.1624017 1.8567323 1.1624017 1.9039762 1 P 0
L 1.1713781 1.9536613 1.1949999 1.9536613 1 P 0
L 1.183189 1.9418504 1.183189 1.9654724 1 P 0
L 1.1892914 1.7659842 1.1892914 1.8447243 1 P 0
L 1.1892914 1.7659842 1.3270868 1.7659842 1 P 0
L 1.1892914 1.8447243 1.3270867 1.8447243 1 P 0
L 1.2048425 1.9044487 1.2048425 2.0028739 1 P 0
L -1.217311 1.2963544 -0.996311 1.2963544 0 P 0
L -1.217311 1.2963544 -1.217311 1.6043542 0 P 0
L -1.217311 1.6043542 -0.996311 1.6043542 0 P 0
L -1.228189 1.4074411 -1.228189 1.5058663 1 P 0
L 1.238504 1.8053543 1.277874 1.8053543 1 P 0
L -1.2518111 1.4448426 -1.2518111 1.4684647 1 P 0
L 1.258189 1.8250393 1.2581891 1.7856692 1 P 0
L -1.2636221 1.4566537 -1.2400001 1.4566537 1 P 0
L -1.2754331 1.4074411 -1.228189 1.4074411 1 P 0
L -1.2754331 1.4074411 -1.2754331 1.5058663 1 P 0
L -1.2754331 1.5058663 -1.228189 1.5058663 1 P 0
L 1.3270867 1.8447243 1.3270868 1.7659842 1 P 0
L 1.339252 -0.461063 1.339252 1.838937 1 P 0
L 1.4115356 -0.1682044 1.4548425 -0.1682045 1 P 0
L 1.4115356 -0.2666297 1.4115356 -0.1682044 1 P 0
L 1.4115356 -0.2666297 1.4548426 -0.2666297 1 P 0
L 1.4213781 -0.2174172 1.4449999 -0.2174172 1 P 0
L 1.433189 -0.2292283 1.433189 -0.2056061 1 P 0
L 1.4536615 -0.1563936 1.5127166 -0.1563936 1 P 0
L 1.4536615 -0.2784409 1.4536615 -0.1563936 1 P 0
L 1.4536615 -0.2784409 1.5127166 -0.2784409 1 P 0
L 1.4548425 -0.1682045 1.4548426 -0.2666297 1 P 0
L 1.4644882 -0.2174173 1.5018898 -0.2174173 1 P 0
L 1.483189 -0.2361181 1.483189 -0.1987165 1 P 0
L 1.5127166 -0.2784409 1.5127166 -0.1563936 1 P 0
L 1.5136615 -0.1563936 1.5727166 -0.1563937 1 P 0
L 1.5136615 -0.2784409 1.5136615 -0.1563936 1 P 0
L 1.5136615 -0.2784409 1.5727166 -0.2784409 1 P 0
L 1.5244883 -0.2174173 1.5618898 -0.2174173 1 P 0
L 1.5431889 -0.2361181 1.543189 -0.1987165 1 P 0
L 1.5688189 1.7864566 1.5688189 1.9242519 1 P 0
L 1.5688189 1.7864566 1.647559 1.7864566 1 P 0
L 1.5688189 1.9242519 1.647559 1.924252 1 P 0
L 1.5721729 -0.1563936 1.572173 -0.2784409 1 P 0
L 1.5721729 -0.1563936 1.631228 -0.1563936 1 P 0
L 1.572173 -0.2784409 1.631228 -0.2784409 1 P 0
L 1.5727166 -0.2784409 1.5727166 -0.1563937 1 P 0
L 1.5829997 -0.2174173 1.6204012 -0.2174173 1 P 0
L 1.5885039 1.8553542 1.627874 1.8553542 1 P 0
L 1.6017004 -0.2361181 1.6017004 -0.1987165 1 P 0
L 1.608189 1.8356692 1.608189 1.8750393 1 P 0
L 1.631228 -0.2784409 1.631228 -0.1563936 1 P 0
L 1.647559 1.7864566 1.647559 1.924252 1 P 0
