#Layer_Color=16711935
#
#Feature symbol names
#
$0 r2.7559
$1 r1
$2 r3.937

#
#Feature attribute names
#

#
#Layer features
#
A 1.263118 1.8955905 1.263118 1.8955905 1.2583936 1.8955905 0 P 0 N
L 0.0659251 1.8998379 0.0659251 1.9372394 2 P 0
L 0.0659251 1.8998379 0.1348228 1.899838 2 P 0
L 0.0659251 1.9372394 0.1348228 1.9372394 2 P 0
L 0.1348228 1.899838 0.1348228 1.9372394 2 P 0
L -0.3799999 0.593071 -0.3799999 0.636378 2 P 0
L -0.4036219 0.636378 -0.3799999 0.636378 2 P 0
L -0.403622 0.5930709 -0.3799999 0.593071 2 P 0
L -0.403622 0.5930709 -0.4036219 0.636378 2 P 0
L -0.405858 0.9566535 -0.4058579 0.9330316 2 P 0
L -0.405858 1.3500434 -0.405858 1.3736651 2 P 0
L -0.4385944 0.5312244 -0.4385944 0.7082244 1 P 0
L -0.4385944 1.0668543 -0.4385944 1.2438543 1 P 0
L -0.449165 0.9330317 -0.4058579 0.9330316 2 P 0
L -0.449165 0.9330317 -0.449165 0.9566535 2 P 0
L -0.449165 0.9566535 -0.405858 0.9566535 2 P 0
L -0.449165 1.3500434 -0.405858 1.3500434 2 P 0
L -0.449165 1.3500434 -0.449165 1.3736652 2 P 0
L -0.449165 1.3736652 -0.405858 1.3736651 2 P 0
L -0.4563227 0.4897244 -0.4563227 0.5312244 1 P 0
L -0.4563227 1.0253543 -0.4563227 1.0668543 1 P 0
L -0.4563228 0.7082244 -0.4563228 0.7497244 1 P 0
L -0.4563228 1.2438543 -0.4563228 1.2853543 1 P 0
L -0.4683227 0.4897244 -0.4563227 0.4897244 1 P 0
L -0.4683227 0.4897244 -0.4683227 0.5312244 1 P 0
L -0.4683227 0.5312244 -0.4563227 0.5312244 1 P 0
L -0.4683227 1.0253543 -0.4563227 1.0253543 1 P 0
L -0.4683227 1.0253543 -0.4683227 1.0668543 1 P 0
L -0.4683227 1.0668543 -0.4563227 1.0668543 1 P 0
L -0.4683228 0.7082244 -0.4563228 0.7082244 1 P 0
L -0.4683228 0.7082244 -0.4683228 0.7497244 1 P 0
L -0.4683228 0.7497244 -0.4563228 0.7497244 1 P 0
L -0.4683228 1.2438543 -0.4563228 1.2438543 1 P 0
L -0.4683228 1.2438543 -0.4683228 1.2853543 1 P 0
L -0.4683228 1.2853543 -0.4563228 1.2853543 1 P 0
L -0.4819133 0.4897244 -0.4819133 0.5312244 1 P 0
L -0.4819133 0.7082244 -0.4819133 0.7497244 1 P 0
L -0.4819133 1.0253543 -0.4819133 1.0668543 1 P 0
L -0.4819133 1.2438543 -0.4819133 1.2853543 1 P 0
L -0.4939133 0.4897244 -0.4819133 0.4897244 1 P 0
L -0.4939133 0.4897244 -0.4939133 0.5312244 1 P 0
L -0.4939133 0.5312244 -0.4819133 0.5312244 1 P 0
L -0.4939133 0.7082244 -0.4819133 0.7082244 1 P 0
L -0.4939133 0.7082244 -0.4939133 0.7497244 1 P 0
L -0.4939133 0.7497244 -0.4819133 0.7497244 1 P 0
L -0.4939133 1.0253543 -0.4819133 1.0253543 1 P 0
L -0.4939133 1.0253543 -0.4939133 1.0668543 1 P 0
L -0.4939133 1.0668543 -0.4819133 1.0668543 1 P 0
L -0.4939133 1.2438543 -0.4819133 1.2438543 1 P 0
L -0.4939133 1.2438543 -0.4939133 1.2853543 1 P 0
L -0.4939133 1.2853543 -0.4819133 1.2853543 1 P 0
L -0.5075038 0.4897244 -0.5075038 0.5312244 1 P 0
L -0.5075039 0.7082244 -0.5075039 0.7497244 1 P 0
L -0.5075039 1.0253543 -0.5075039 1.0668543 1 P 0
L -0.5075039 1.2438543 -0.5075039 1.2853543 1 P 0
L -0.5195038 0.4897244 -0.5075038 0.4897244 1 P 0
L -0.5195038 0.4897244 -0.5195038 0.5312244 1 P 0
L -0.5195038 0.5312244 -0.5075038 0.5312244 1 P 0
L -0.5195039 0.7082244 -0.5075039 0.7082244 1 P 0
L -0.5195039 0.7082244 -0.5195039 0.7497244 1 P 0
L -0.5195039 0.7497244 -0.5075039 0.7497244 1 P 0
L -0.5195039 1.0253543 -0.5075039 1.0253543 1 P 0
L -0.5195039 1.0253543 -0.5195039 1.0668543 1 P 0
L -0.5195039 1.0668543 -0.5075039 1.0668543 1 P 0
L -0.5195039 1.2438543 -0.5075039 1.2438543 1 P 0
L -0.5195039 1.2438543 -0.5195039 1.2853543 1 P 0
L -0.5195039 1.2853543 -0.5075039 1.2853543 1 P 0
L -0.5330944 0.4897244 -0.5330944 0.5312244 1 P 0
L -0.5330944 0.7082244 -0.5330944 0.7497244 1 P 0
L -0.5330944 1.0253543 -0.5330944 1.0668543 1 P 0
L -0.5330944 1.2438543 -0.5330944 1.2853543 1 P 0
L -0.5450944 0.4897244 -0.5330944 0.4897244 1 P 0
L -0.5450944 0.4897244 -0.5450944 0.5312244 1 P 0
L -0.5450944 0.5312244 -0.5330944 0.5312244 1 P 0
L -0.5450944 0.7082244 -0.5330944 0.7082244 1 P 0
L -0.5450944 0.7082244 -0.5450944 0.7497244 1 P 0
L -0.5450944 0.7497244 -0.5330944 0.7497244 1 P 0
L -0.5450944 1.0253543 -0.5330944 1.0253543 1 P 0
L -0.5450944 1.0253543 -0.5450944 1.0668543 1 P 0
L -0.5450944 1.0668543 -0.5330944 1.0668543 1 P 0
L -0.5450944 1.2438543 -0.5330944 1.2438543 1 P 0
L -0.5450944 1.2438543 -0.5450944 1.2853543 1 P 0
L -0.5450944 1.2853543 -0.5330944 1.2853543 1 P 0
L -0.5586849 0.4897244 -0.5586849 0.5312244 1 P 0
L -0.5586849 0.7082244 -0.5586849 0.7497244 1 P 0
L -0.5586849 1.0253543 -0.5586849 1.0668543 1 P 0
L -0.558685 1.2438543 -0.558685 1.2853543 1 P 0
L -0.5706849 0.4897244 -0.5586849 0.4897244 1 P 0
L -0.5706849 0.4897244 -0.5706849 0.5312244 1 P 0
L -0.5706849 0.5312244 -0.5586849 0.5312244 1 P 0
L -0.5706849 0.7082244 -0.5586849 0.7082244 1 P 0
L -0.5706849 0.7082244 -0.5706849 0.7497244 1 P 0
L -0.5706849 0.7497244 -0.5586849 0.7497244 1 P 0
L -0.5706849 1.0253543 -0.5586849 1.0253543 1 P 0
L -0.5706849 1.0253543 -0.5706849 1.0668543 1 P 0
L -0.5706849 1.0668543 -0.5586849 1.0668543 1 P 0
L -0.570685 1.2438543 -0.558685 1.2438543 1 P 0
L -0.570685 1.2438543 -0.570685 1.2853543 1 P 0
L -0.570685 1.2853543 -0.558685 1.2853543 1 P 0
L -0.5842755 0.4897244 -0.5842755 0.5312244 1 P 0
L -0.5842755 0.7082244 -0.5842755 0.7497244 1 P 0
L -0.5842755 1.0253543 -0.5842755 1.0668543 1 P 0
L -0.5842755 1.2438543 -0.5842755 1.2853543 1 P 0
L -0.5962755 0.4897244 -0.5842755 0.4897244 1 P 0
L -0.5962755 0.4897244 -0.5962755 0.5312244 1 P 0
L -0.5962755 0.5312244 -0.5842755 0.5312244 1 P 0
L -0.5962755 0.7082244 -0.5842755 0.7082244 1 P 0
L -0.5962755 0.7082244 -0.5962755 0.7497244 1 P 0
L -0.5962755 0.7497244 -0.5842755 0.7497244 1 P 0
L -0.5962755 1.0253543 -0.5842755 1.0253543 1 P 0
L -0.5962755 1.0253543 -0.5962755 1.0668543 1 P 0
L -0.5962755 1.0668543 -0.5842755 1.0668543 1 P 0
L -0.5962755 1.2438543 -0.5842755 1.2438543 1 P 0
L -0.5962755 1.2438543 -0.5962755 1.2853543 1 P 0
L -0.5962755 1.2853543 -0.5842755 1.2853543 1 P 0
L 0.5965354 -0.2478348 0.6398425 -0.2478347 2 P 0
L 0.5965354 -0.2714566 0.5965354 -0.2478348 2 P 0
L 0.5965354 -0.2714566 0.6398425 -0.2714567 2 P 0
L -0.609866 0.4897244 -0.609866 0.5312244 1 P 0
L -0.609866 1.0253543 -0.609866 1.0668543 1 P 0
L -0.6098661 0.7082244 -0.6098661 0.7497244 1 P 0
L -0.6098661 1.2438543 -0.6098661 1.2853543 1 P 0
L -0.621866 0.4897244 -0.609866 0.4897244 1 P 0
L -0.621866 0.4897244 -0.621866 0.5312244 1 P 0
L -0.621866 0.5312244 -0.609866 0.5312244 1 P 0
L -0.621866 1.0253543 -0.609866 1.0253543 1 P 0
L -0.621866 1.0253543 -0.621866 1.0668543 1 P 0
L -0.621866 1.0668543 -0.609866 1.0668543 1 P 0
L -0.6218661 0.7082244 -0.6098661 0.7082244 1 P 0
L -0.6218661 0.7082244 -0.6218661 0.7497244 1 P 0
L -0.6218661 0.7497244 -0.6098661 0.7497244 1 P 0
L -0.6218661 1.2438543 -0.6098661 1.2438543 1 P 0
L -0.6218661 1.2438543 -0.6218661 1.2853543 1 P 0
L -0.6218661 1.2853543 -0.6098661 1.2853543 1 P 0
L -0.6395944 0.5312244 -0.4385944 0.5312244 1 P 0
L -0.6395944 0.5312244 -0.6395944 0.7082244 1 P 0
L -0.6395944 0.7082244 -0.4385944 0.7082244 1 P 0
L -0.6395944 1.0668543 -0.4385944 1.0668543 1 P 0
L -0.6395944 1.0668543 -0.6395944 1.2438543 1 P 0
L -0.6395944 1.2438543 -0.4385944 1.2438543 1 P 0
L 0.6398425 -0.2714567 0.6398425 -0.2478347 2 P 0
L -0.6483512 0.4135434 -0.6483512 0.4371652 2 P 0
L -0.6483512 0.8085434 -0.6483512 0.8321652 2 P 0
L -0.6700002 1.1387007 -0.6700002 1.1820077 2 P 0
L -0.6916582 0.4135434 -0.6483512 0.4135434 2 P 0
L -0.6916582 0.8085434 -0.6483512 0.8085434 2 P 0
L -0.6916583 0.4371653 -0.6483512 0.4371652 2 P 0
L -0.6916583 0.4371653 -0.6916582 0.4135434 2 P 0
L -0.6916583 0.8321653 -0.6483512 0.8321652 2 P 0
L -0.6916583 0.8321653 -0.6916582 0.8085434 2 P 0
L -0.6936222 1.1820077 -0.6700002 1.1820077 2 P 0
L -0.6936223 1.1387006 -0.6700002 1.1387007 2 P 0
L -0.6936223 1.1387006 -0.6936222 1.1820077 2 P 0
L 0.7615355 -0.5114567 0.7615356 -0.4878348 2 P 0
L 0.7615355 -0.5114567 0.8048426 -0.5114566 2 P 0
L 0.7615356 -0.4878348 0.8048426 -0.4878348 2 P 0
L 0.8048426 -0.5114566 0.8048426 -0.4878348 2 P 0
L -0.9390946 1.2571652 -0.9390945 1.2335433 2 P 0
L -0.9390946 1.6653149 -0.9390945 1.641693 2 P 0
L -0.9824016 1.2335434 -0.9390945 1.2335433 2 P 0
L -0.9824016 1.2335434 -0.9824016 1.2571652 2 P 0
L -0.9824016 1.2571652 -0.9390946 1.2571652 2 P 0
L -0.9824016 1.6416931 -0.9390945 1.641693 2 P 0
L -0.9824016 1.6416931 -0.9824016 1.6653149 2 P 0
L -0.9824016 1.6653149 -0.9390946 1.6653149 2 P 0
L -1.006311 1.3618543 -1.006311 1.5388543 1 P 0
L -1.0240393 1.3203543 -1.0240393 1.3618543 1 P 0
L -1.0240394 1.5388543 -1.0240394 1.5803543 1 P 0
L -1.0360393 1.3203543 -1.0240393 1.3203543 1 P 0
L -1.0360393 1.3203543 -1.0360393 1.3618543 1 P 0
L -1.0360393 1.3618543 -1.0240393 1.3618543 1 P 0
L -1.0360394 1.5388543 -1.0240394 1.5388543 1 P 0
L -1.0360394 1.5388543 -1.0360394 1.5803543 1 P 0
L -1.0360394 1.5803543 -1.0240394 1.5803543 1 P 0
L -1.0496299 1.3203543 -1.0496299 1.3618543 1 P 0
L -1.0496299 1.5388543 -1.0496299 1.5803543 1 P 0
L -1.0616299 1.3203543 -1.0496299 1.3203543 1 P 0
L -1.0616299 1.3203543 -1.0616299 1.3618543 1 P 0
L -1.0616299 1.3618543 -1.0496299 1.3618543 1 P 0
L -1.0616299 1.5388543 -1.0496299 1.5388543 1 P 0
L -1.0616299 1.5388543 -1.0616299 1.5803543 1 P 0
L -1.0616299 1.5803543 -1.0496299 1.5803543 1 P 0
L -1.0752205 1.3203543 -1.0752205 1.3618543 1 P 0
L -1.0752205 1.5388543 -1.0752205 1.5803543 1 P 0
L 1.076378 1.9323228 1.076378 1.9756298 2 P 0
L 1.076378 1.9323228 1.1 1.9323228 2 P 0
L 1.076378 1.9756298 1.1000001 1.9756299 2 P 0
L -1.0872205 1.3203543 -1.0752205 1.3203543 1 P 0
L -1.0872205 1.3203543 -1.0872205 1.3618543 1 P 0
L -1.0872205 1.3618543 -1.0752205 1.3618543 1 P 0
L -1.0872205 1.5388543 -1.0752205 1.5388543 1 P 0
L -1.0872205 1.5388543 -1.0872205 1.5803543 1 P 0
L -1.0872205 1.5803543 -1.0752205 1.5803543 1 P 0
L 1.0915354 1.8921652 1.0915356 1.8685432 2 P 0
L 1.0915354 1.8921652 1.1348426 1.8921652 2 P 0
L 1.0915356 1.8685432 1.1348426 1.8685432 2 P 0
L 1.1 1.9323228 1.1000001 1.9756299 2 P 0
L -1.100811 1.3203543 -1.100811 1.3618543 1 P 0
L -1.100811 1.5388543 -1.100811 1.5803543 1 P 0
L -1.112811 1.3203543 -1.100811 1.3203543 1 P 0
L -1.112811 1.3203543 -1.112811 1.3618543 1 P 0
L -1.112811 1.3618543 -1.100811 1.3618543 1 P 0
L -1.112811 1.5388543 -1.100811 1.5388543 1 P 0
L -1.112811 1.5388543 -1.112811 1.5803543 1 P 0
L -1.112811 1.5803543 -1.100811 1.5803543 1 P 0
L 1.1263779 1.9323228 1.126378 1.9756299 2 P 0
L 1.1263779 1.9323228 1.15 1.9323229 2 P 0
L 1.126378 1.9756299 1.15 1.9756299 2 P 0
L -1.1264015 1.3203543 -1.1264015 1.3618543 1 P 0
L -1.1264016 1.5388543 -1.1264016 1.5803543 1 P 0
L 1.1348426 1.8685432 1.1348426 1.8921652 2 P 0
L -1.1384015 1.3203543 -1.1264015 1.3203543 1 P 0
L -1.1384015 1.3203543 -1.1384015 1.3618543 1 P 0
L -1.1384015 1.3618543 -1.1264015 1.3618543 1 P 0
L -1.1384016 1.5388543 -1.1264016 1.5388543 1 P 0
L -1.1384016 1.5388543 -1.1384016 1.5803543 1 P 0
L -1.1384016 1.5803543 -1.1264016 1.5803543 1 P 0
L 1.15 1.9323229 1.15 1.9756299 2 P 0
L -1.1519921 1.3203543 -1.1519921 1.3618543 1 P 0
L -1.1519921 1.5388543 -1.1519921 1.5803543 1 P 0
L -1.1639921 1.3203543 -1.1519921 1.3203543 1 P 0
L -1.1639921 1.3203543 -1.1639921 1.3618543 1 P 0
L -1.1639921 1.3618543 -1.1519921 1.3618543 1 P 0
L -1.1639921 1.5388543 -1.1519921 1.5388543 1 P 0
L -1.1639921 1.5388543 -1.1639921 1.5803543 1 P 0
L -1.1639921 1.5803543 -1.1519921 1.5803543 1 P 0
L 1.171378 1.9320078 1.1713781 1.9753149 2 P 0
L 1.171378 1.9320078 1.195 1.9320078 2 P 0
L 1.1713781 1.9753149 1.1949999 1.9753149 2 P 0
L -1.1775826 1.3203543 -1.1775826 1.3618543 1 P 0
L -1.1775827 1.5388543 -1.1775827 1.5803543 1 P 0
L -1.1895826 1.3203543 -1.1775826 1.3203543 1 P 0
L -1.1895826 1.3203543 -1.1895826 1.3618543 1 P 0
L -1.1895826 1.3618543 -1.1775826 1.3618543 1 P 0
L -1.1895827 1.5388543 -1.1775827 1.5388543 1 P 0
L -1.1895827 1.5388543 -1.1895827 1.5803543 1 P 0
L -1.1895827 1.5803543 -1.1775827 1.5803543 1 P 0
L 1.1949999 1.9753149 1.195 1.9320078 2 P 0
L -1.207311 1.3618543 -1.006311 1.3618543 1 P 0
L -1.207311 1.3618543 -1.207311 1.5388543 1 P 0
L -1.207311 1.5388543 -1.006311 1.5388543 1 P 0
L 1.2148821 1.7768109 1.2148821 1.8338977 2 P 0
L 1.2148821 1.7768109 1.3014962 1.7768109 2 P 0
L 1.2148821 1.8338977 1.3014962 1.8338977 2 P 0
L -1.2400001 1.4350001 -1.24 1.4783072 2 P 0
L 1.2426456 1.8798425 1.2426456 1.9408661 2 P 0
L 1.2426456 1.8798425 1.3036692 1.8798425 2 P 0
L 1.2426456 1.9408661 1.3036692 1.9408661 2 P 0
L -1.2636221 1.4350001 -1.2400001 1.4350001 2 P 0
L -1.2636221 1.4350001 -1.2636221 1.4783071 2 P 0
L -1.2636221 1.4783071 -1.24 1.4783072 2 P 0
L 1.3014962 1.7768109 1.3014962 1.8338977 2 P 0
L 1.3036692 1.8798425 1.3036692 1.9408661 2 P 0
L 1.421378 -0.2390707 1.4213781 -0.1957636 2 P 0
L 1.421378 -0.2390707 1.4449999 -0.2390706 2 P 0
L 1.4213781 -0.1957636 1.4449999 -0.1957636 2 P 0
L 1.4449999 -0.2390706 1.4449999 -0.1957636 2 P 0
L 1.4644883 -0.1829684 1.4644884 -0.2518661 2 P 0
L 1.4644883 -0.1829684 1.5018897 -0.1829684 2 P 0
L 1.4644884 -0.2518661 1.5018898 -0.2518661 2 P 0
L 1.5018897 -0.1829684 1.5018898 -0.2518661 2 P 0
L 1.5244883 -0.1829684 1.5244884 -0.2518661 2 P 0
L 1.5244883 -0.1829684 1.5618898 -0.1829684 2 P 0
L 1.5244884 -0.2518661 1.5618898 -0.2518661 2 P 0
L 1.5618898 -0.2518661 1.5618898 -0.1829684 2 P 0
L 1.5796457 1.8120471 1.5796457 1.8986613 2 P 0
L 1.5796457 1.8120471 1.6367323 1.8120471 2 P 0
L 1.5796457 1.8986613 1.6367323 1.8986613 2 P 0
L 1.5829997 -0.1829684 1.5829998 -0.251866 2 P 0
L 1.5829997 -0.1829684 1.6204013 -0.1829685 2 P 0
L 1.5829998 -0.251866 1.6204012 -0.2518661 2 P 0
L 1.6204012 -0.2518661 1.6204013 -0.1829685 2 P 0
L 1.6367323 1.8120471 1.6367323 1.8986613 2 P 0
